ggplot2, 2011, 2010, 2005, 2010, 2005, 2008, 2010, 2009
The split-apply-combine strategy for data analysis, 2009, 2007, 2005, 1994, 2008, 2007, 2008, 2009, 2009, 2008, 2005
Welcome to the Tidyverse, 2019, 2018, 2014, 2019, 1998, 2019, 2019, 2019, 2004, 2019, 2018, 2015, 2018, 2018, 2018, 2014, 2019, 2018, 2014, 2016, 2018, 2019, 2019, 2019, 2019, 2019, 2017, 2019, 2018, 2019, 2018, 2005
ggmap: spatial visualization with ggplot2, 2013, 2013, 2013, 2008, 2013, 2013, 2013, 2013, 2006, 2000, 2009, 2010, 2011, 2005
A layered grammar of graphics, 2010, 1996, 1983, 1987, 1983, 1993, 1984, 1987, 2008, 1978, 1987, 2003, 1981, 2006, 2003, 1997, 1857, 1989, 1996, 2004, 2005, 2008, 2009, 2005, 2005
Dates and times with lubridate, 2011, 2009, 2010, 1997, 2011, 2004, 2010, 2008, 2010, 2009, 2011, 2010, 2009, 2009, 2009, 2010, 2010, 2005
Statistical inference for exploratory data analysis and model diagnostics, 2009, 2008, 1981, 1980, 1997, 1984, 2005, 1995, 2009, 1988, 1996, 1999, 1999, 1995, 2007, 1993, 1992, 1976, 2008, 1997, 2000, 1983, 2004, 1999, 1978, 2005, 2003, 2005, 1953, 2001, 1954, 2003, 1988, 1992, 1983, 1965, 1985, 2008, 2005, 2008, 2008, 1999, 2005
Letter-value plots: boxplots for large data, 2017, 1977, 2003, 1983, 2003, 1997, 1973, 1987, 1986, 1983, 1996, 2008, 1946, 1999, 1960, 1970, 1972, 1975, 1977, 2012, 2014
The generalized pairs plot, 2013, 1935, 1999, 1988, 1996, 1995, 1983, 1992, 1993, 2010, 2012, 2012, 2012, 2006, 1936, 1994, 2002, 2003, 1975, 1984, 1985, 2005, 2010, 2012, 2008, 2010, 2012, 2003, 2003, 2008, 1977, 1990, 1981, 1999, 1990, 2009, 1999, 1999
Graphical inference for infovis, 2010, 2009, 1954, 1966, 1976, 1983, 1997, 1988, 2010, 1937, 2005, 2007, 2005, 1984, 2009, 2008, 2009
